[pre-combine systematics correlations]

[end pre-combine systematics correlations]

[post-combine systematics correlations]

[end post-combine systematics correlations]

[pre-combine estimate correlations]

[end pre-combine estimate correlations]

[post-combine result correlations]
atlas_bin0  1.0000000 0.0000000 0.0000000 0.0000000 0.0000000 0.0000000 0.0000000 0.0000000
atlas_bin1 0.0000000  1.0000000 -0.3327120 -0.0925099 -0.1985059 -0.0030590 -0.0424519 -0.0348310
atlas_bin2 0.0000000 -0.3327120  1.0000000 -0.3858269 -0.1995079 -0.0651189 -0.0434099 -0.0403490
atlas_bin3 0.0000000 -0.0925099 -0.3858269  1.0000000 -0.5342170 -0.1135479 -0.0418120 -0.0144960
atlas_bin4 0.0000000 -0.1985059 -0.1995079 -0.5342170  1.0000000 -0.1548899 -0.1589700 -0.1013830
atlas_bin5 0.0000000 -0.0030590 -0.0651189 -0.1135479 -0.1548899  1.0000000  0.0666780 -0.0409549
atlas_bin6 0.0000000 -0.0424519 -0.0434099 -0.0418120 -0.1589700  0.0666780  1.0000000  0.2768240
atlas_bin7 0.0000000 -0.0348310 -0.0403490 -0.0144960 -0.1013830 -0.0409549  0.2768240  1.0000000
[end post-combine result correlations]

[post-combine result covariance]
atlas_bin0  53.162328 0.0000000 0.0000000 0.0000000 0.0000000 0.0000000 0.0000000 0.0000000
atlas_bin1 0.0000000  0.0058320 -0.0018450 -0.0005360 -0.0007430 -0.0000140 -0.0001100 -0.0000130
atlas_bin2 0.0000000 -0.0018450  0.0052700 -0.0021270 -0.0007100 -0.0002790 -0.0001070 -0.0000140
atlas_bin3 0.0000000 -0.0005360 -0.0021270  0.0057650 -0.0019880 -0.0005080 -0.0001080 -0.0000050
atlas_bin4 0.0000000 -0.0007430 -0.0007100 -0.0019880  0.0024020 -0.0004470 -0.0002640 -0.0000230
atlas_bin5 0.0000000 -0.0000140 -0.0002790 -0.0005080 -0.0004470  0.0034749  0.0001330 -0.0000110
atlas_bin6 0.0000000 -0.0001100 -0.0001070 -0.0001080 -0.0002640  0.0001330  0.0011470  0.0000440
atlas_bin7 0.0000000 -0.0000130 -0.0000140 -0.0000050 -0.0000230 -0.0000110  0.0000440  0.0000220
[end post-combine result covariance]

combined (minimum chi^2=0):
atlas_bin0: 0.13978 +7.29125 -7.01148
atlas_bin1: 1.14039 +0.0763695 -0.0715738
atlas_bin2: 2.1264 +0.0725975 -0.0702004
atlas_bin3: 2.44358 +0.0759305 -0.0736419
atlas_bin4: 2.17159 +0.0490052 -0.0479237
atlas_bin5: 1.14228 +0.0589497 -0.0560559
atlas_bin6: 0.584791 +0.0338647 -0.0320103
atlas_bin7: 0.0464247 +0.00472147 -0.00428514
[full correlation matrix]
atlas_bin0  1.0000000 0.0000000 0.0000000 0.0000000 0.0000000 0.0000000 0.0000000 0.0000000
atlas_bin1 0.0000000  1.0000000 -0.3327120 -0.0925099 -0.1985059 -0.0030590 -0.0424519 -0.0348310
atlas_bin2 0.0000000 -0.3327120  1.0000000 -0.3858269 -0.1995079 -0.0651189 -0.0434099 -0.0403490
atlas_bin3 0.0000000 -0.0925099 -0.3858269  1.0000000 -0.5342170 -0.1135479 -0.0418120 -0.0144960
atlas_bin4 0.0000000 -0.1985059 -0.1995079 -0.5342170  1.0000000 -0.1548899 -0.1589700 -0.1013830
atlas_bin5 0.0000000 -0.0030590 -0.0651189 -0.1135479 -0.1548899  1.0000000  0.0666780 -0.0409549
atlas_bin6 0.0000000 -0.0424519 -0.0434099 -0.0418120 -0.1589700  0.0666780  1.0000000  0.2768240
atlas_bin7 0.0000000 -0.0348310 -0.0403490 -0.0144960 -0.1013830 -0.0409549  0.2768240  1.0000000
[end full correlation matrix]

[full covariance matrix]
atlas_bin0  1.0000009 0.0000000 0.0000000 0.0000000 0.0000000 0.0000000 0.0000000 0.0000000
atlas_bin1 0.0000000  0.0054660 -0.0017560 -0.0005110 -0.0007110 -0.0000130 -0.0001030 -0.0000120
atlas_bin2 0.0000000 -0.0017560  0.0050959 -0.0020600 -0.0006900 -0.0002670 -0.0001020 -0.0000130
atlas_bin3 0.0000000 -0.0005110 -0.0020600  0.0055919 -0.0019360 -0.0004880 -0.0001030 -0.0000050
atlas_bin4 0.0000000 -0.0007110 -0.0006900 -0.0019360  0.0023490 -0.0004310 -0.0002540 -0.0000220
atlas_bin5 0.0000000 -0.0000130 -0.0002670 -0.0004880 -0.0004310  0.0033040  0.0001260 -0.0000110
atlas_bin6 0.0000000 -0.0001030 -0.0001020 -0.0001030 -0.0002540  0.0001260  0.0010839  0.0000410
atlas_bin7 0.0000000 -0.0000120 -0.0000130 -0.0000050 -0.0000220 -0.0000110  0.0000410  0.0000200
[end full covariance matrix]

Name       pull   constraint
Simple impact table: name, impact [%]
                atlas_bin0      | atlas_bin1      | atlas_bin2      | atlas_bin3      | atlas_bin4      | atlas_bin5      | atlas_bin6      | atlas_bin7      | 


merged impacts 
